0.000000000000000000e+00
5.459592702646299811e-01
0.000000000000000000e+00
0.000000000000000000e+00
0.000000000000000000e+00
0.000000000000000000e+00
0.000000000000000000e+00
0.000000000000000000e+00
0.000000000000000000e+00
0.000000000000000000e+00
0.000000000000000000e+00
0.000000000000000000e+00
0.000000000000000000e+00
-0.000000000000000000e+00
0.000000000000000000e+00
-0.000000000000000000e+00
-0.000000000000000000e+00
-0.000000000000000000e+00
-0.000000000000000000e+00
-0.000000000000000000e+00
-0.000000000000000000e+00
-0.000000000000000000e+00
-0.000000000000000000e+00
0.000000000000000000e+00
-0.000000000000000000e+00
0.000000000000000000e+00
-0.000000000000000000e+00
0.000000000000000000e+00
0.000000000000000000e+00
0.000000000000000000e+00
0.000000000000000000e+00
6.268893803698709632e-01
0.000000000000000000e+00
0.000000000000000000e+00
0.000000000000000000e+00
-3.146787122725956287e+00
0.000000000000000000e+00
-0.000000000000000000e+00
0.000000000000000000e+00
-0.000000000000000000e+00
-0.000000000000000000e+00
-0.000000000000000000e+00
-4.840741857216913080e-01
-0.000000000000000000e+00
1.690443888009162676e-01
-0.000000000000000000e+00
0.000000000000000000e+00
-0.000000000000000000e+00
-0.000000000000000000e+00
-0.000000000000000000e+00
-0.000000000000000000e+00
-0.000000000000000000e+00
-0.000000000000000000e+00
-1.965590310207520508e+00
0.000000000000000000e+00
-2.445435907542579668e-01
0.000000000000000000e+00
-0.000000000000000000e+00
-0.000000000000000000e+00
-0.000000000000000000e+00
-0.000000000000000000e+00
-0.000000000000000000e+00
1.707253487106821899e+00
4.853724353071021680e-01
0.000000000000000000e+00
3.652539060813143057e-01
-0.000000000000000000e+00
0.000000000000000000e+00
-0.000000000000000000e+00
9.658343517126325439e-01
-1.113210312523821743e+00
0.000000000000000000e+00
-0.000000000000000000e+00
-0.000000000000000000e+00
-0.000000000000000000e+00
-5.107776768310304805e-01
-2.681690184454055270e-01
-0.000000000000000000e+00
0.000000000000000000e+00
7.360018239586899602e-01
-0.000000000000000000e+00
-0.000000000000000000e+00
-0.000000000000000000e+00
-0.000000000000000000e+00
0.000000000000000000e+00
1.367136297633694486e+00
2.950098323048025994e-01
-5.485686867248850129e-01
0.000000000000000000e+00
-5.394909142235453786e-02
0.000000000000000000e+00
-0.000000000000000000e+00
0.000000000000000000e+00
-0.000000000000000000e+00
4.168982572588560975e-01
-0.000000000000000000e+00
-0.000000000000000000e+00
-0.000000000000000000e+00
-0.000000000000000000e+00
-0.000000000000000000e+00
0.000000000000000000e+00
-2.693105452324657256e-01
-0.000000000000000000e+00
-0.000000000000000000e+00
-0.000000000000000000e+00
-7.389689036533710897e-01
0.000000000000000000e+00
-1.023000328241646661e+00
0.000000000000000000e+00
-0.000000000000000000e+00
0.000000000000000000e+00
0.000000000000000000e+00
-0.000000000000000000e+00
0.000000000000000000e+00
0.000000000000000000e+00
0.000000000000000000e+00
0.000000000000000000e+00
0.000000000000000000e+00
-0.000000000000000000e+00
0.000000000000000000e+00
-0.000000000000000000e+00
-6.825171938886765988e-01
2.474659514852777659e-02
6.399764821599572828e-01
-0.000000000000000000e+00
0.000000000000000000e+00
-4.203148594275286642e-01
0.000000000000000000e+00
0.000000000000000000e+00
-0.000000000000000000e+00
-0.000000000000000000e+00
1.639275041886378848e+00
0.000000000000000000e+00
0.000000000000000000e+00
0.000000000000000000e+00
0.000000000000000000e+00
