8.095225988324770139e-01 1.904774011675229861e-01
1.550342301680762702e-02 9.844965769831923730e-01
4.046914333457404256e-01 5.953085666542595744e-01
7.067220706684957943e-01 2.932779293315041502e-01
6.311883332794578916e-01 3.688116667205421084e-01
5.610766701969582826e-03 9.943892332980304172e-01
9.344329804029017916e-01 6.556701959709822225e-02
6.655767718980110104e-02 9.334423228101988990e-01
8.141644076109511019e-03 9.918583559238904890e-01
1.030450863724934329e-01 8.969549136275065671e-01
6.272068742947349840e-01 3.727931257052650715e-01
1.162519161937425327e-01 8.837480838062574673e-01
8.374460029511507919e-01 1.625539970488492358e-01
9.857937682519025691e-01 1.420623174809747778e-02
9.950740281827179512e-01 4.925971817282094774e-03
3.818639800570811094e-02 9.618136019942918891e-01
4.808238998934821762e-02 9.519176100106517824e-01
9.859702820135405332e-01 1.402971798645942514e-02
9.857775801966146556e-01 1.422241980338530450e-02
7.455934874734524431e-01 2.544065125265476124e-01
9.703604583730195410e-01 2.963954162698045902e-02
6.235367779771083807e-02 9.376463222022891619e-01
4.738366108749669792e-03 9.952616338912503302e-01
1.651075650181997867e-01 8.348924349818002133e-01
2.477758867878243620e-02 9.752224113212175638e-01
5.976745801129601521e-02 9.402325419887039848e-01
8.689431483469567397e-03 9.913105685165304326e-01
1.274948000277776883e-01 8.725051999722223117e-01
1.478436510052368869e-01 8.521563489947631131e-01
3.517161860605688695e-03 9.964828381393943113e-01
8.672988735592045417e-01 1.327011264407954860e-01
9.976138518109913811e-01 2.386148189008601567e-03
9.993094822290280455e-01 6.905177709719407782e-04
8.282084350706928610e-01 1.717915649293071667e-01
8.128833807381052878e-02 9.187116619261894712e-01
9.880534322116659718e-01 1.194656778833400046e-02
9.830143394362874654e-01 1.698566056371251728e-02
7.874892859778508392e-01 2.125107140221491886e-01
9.410934897162084312e-01 5.890651028379152720e-02
2.175278374935724068e-01 7.824721625064275932e-01
4.416745154412304863e-02 9.558325484558769514e-01
9.970508317243241825e-01 2.949168275675801906e-03
2.453697621568295961e-01 7.546302378431704039e-01
9.354871422659030156e-01 6.451285773409695667e-02
9.550494421471972251e-01 4.495055785280278188e-02
2.540173920277277730e-03 9.974598260797227223e-01
9.871992418777212341e-01 1.280075812227875198e-02
7.991398153197326604e-01 2.008601846802673674e-01
8.644544200166592862e-01 1.355455799833407693e-01
7.806685372442115911e-01 2.193314627557883811e-01
8.835506513428348363e-03 9.911644934865716516e-01
6.571872898222794745e-01 3.428127101777204699e-01
9.782530973851841782e-01 2.174690261481579748e-02
9.970324456620912601e-01 2.967554337908700005e-03
9.980982509646670886e-01 1.901749035332894484e-03
9.994883404007438576e-01 5.116595992560944283e-04
1.007593789337843937e-01 8.992406210662156063e-01
6.523152966723539947e-01 3.476847033276459498e-01
2.047086270781295347e-02 9.795291372921870465e-01
7.491081779333808033e-01 2.508918220666191412e-01
9.461118803094599183e-01 5.388811969054007472e-02
5.500384217972054124e-03 9.944996157820279459e-01
9.475688816044043339e-01 5.243111839559565224e-02
9.837503279002985934e-01 1.624967209970138576e-02
9.080497708927097733e-01 9.195022910729018506e-02
9.901727984757086043e-01 9.827201524291426932e-03
6.981896572136051526e-01 3.018103427863948474e-01
8.041924481457778384e-01 1.958075518542221616e-01
9.192241026946966764e-01 8.077589730530336520e-02
1.183258387109313858e-01 8.816741612890686142e-01
2.945449266068499439e-01 7.054550733931500561e-01
7.019654863081814522e-02 9.298034513691818548e-01
2.251154156386347971e-02 9.774884584361365203e-01
9.840925990589305394e-01 1.590740094106946403e-02
9.917730260766847161e-01 8.226973923315318571e-03
9.433542474893680252e-01 5.664575251063193317e-02
5.035516865380569307e-01 4.964483134619431248e-01
9.046330378469202849e-02 9.095366962153079715e-01
5.599942413817460274e-02 9.440005758618253973e-01
9.745667266611568458e-01 2.543327333884314381e-02
5.322562934641680288e-01 4.677437065358319712e-01
9.904357453612986362e-01 9.564254638701339545e-03
2.304280574810343429e-01 7.695719425189656571e-01
9.848524069757830235e-01 1.514759302421701814e-02
9.422225921535999360e-01 5.777740784640009175e-02
9.032030546520543046e-01 9.679694534794570926e-02
1.338593404656596153e-02 9.866140659534340385e-01
9.573114562884735834e-01 4.268854371152646515e-02
9.364506355018173966e-01 6.354936449818258948e-02
4.868854503216544227e-01 5.131145496783455773e-01
9.994590566528359643e-01 5.409433471640307054e-04
9.999919180168520549e-01 8.081983147938054935e-06
8.342835293457284696e-02 9.165716470654271530e-01
9.986405870954693231e-01 1.359412904530672966e-03
6.730433233228363399e-01 3.269566766771636046e-01
9.890483458078105361e-01 1.095165419218946563e-02
1.635283380960367294e-01 8.364716619039632706e-01
