2.747220268777741836e+00
4.398055381802347341e+00
3.438754252792343369e+00
2.212645003468494131e+00
2.160981083906763800e+00
4.852554050569174215e+00
3.177623742736519930e+00
3.616907636253983149e+00
4.248313268486181293e+00
3.769203158762767902e+00
1.804226825407186041e+00
4.843832758472524702e+00
1.723440116154717039e+00
1.693139519486000388e+00
1.848442077061252853e+00
3.962487550826392813e+00
3.841925305842985416e+00
2.063980107259594909e+00
1.951252381156045601e-01
2.919844608398455943e+00
1.563413441272780702e+00
3.708020075483029032e+00
4.545395201978339905e+00
4.553301681414278157e+00
5.091310708020307274e+00
3.997142249992418961e+00
4.742207285009899742e+00
4.663104982265640963e+00
3.580702823273570701e+00
4.452668672251977711e+00
1.288157794541563206e+00
7.770429547861921193e-01
4.111034713810228780e-01
2.063286601914979812e+00
3.424454422484488170e+00
2.506455336141481638e+00
1.909416982021166831e+00
3.139074470687409413e+00
2.187737741767302957e+00
3.454181935013401539e+00
4.481571679052932744e+00
1.053022602125662566e+00
3.931717012703432879e+00
1.205299796979911520e+00
2.395512470794378679e+00
4.589938246227999841e+00
1.387712586208455612e+00
2.902463805601767532e+00
3.066187410439021654e+00
2.443383337318923765e+00
3.718913306609552105e+00
1.593380406047240072e+00
1.563480846770305632e+00
8.779447795695025647e-01
1.230831476211463382e+00
4.976260810376640364e-01
3.547899791486265997e+00
2.228363545785092548e+00
4.489646105482590244e+00
2.931584435077965622e+00
1.229801331307787571e+00
4.800639761503060932e+00
2.430994974464297798e+00
1.770706641933097458e+00
2.903332952022469993e+00
1.727529145772279229e+00
3.401709842690268104e+00
2.338897372545778452e+00
2.217131948292908383e+00
2.912680739230176119e+00
4.142151429521497619e+00
4.235513437139353243e+00
3.577859676924282084e+00
1.426356153003910165e+00
1.175173220210885994e+00
2.866734556343075724e+00
2.645682079630493178e+00
3.593840309204549222e+00
4.332764656342034115e+00
2.541886910552598522e+00
2.930568200451773908e+00
1.392780830085925459e+00
2.693109858296870662e+00
1.357527114991483153e+00
1.633002850957821828e+00
2.880572864171072833e+00
3.523144575264062883e+00
2.383268429141688571e+00
2.335464298011628692e+00
2.495743439481922010e+00
9.034451350135075387e-01
-5.824692338619685827e-01
3.360705367024523937e+00
2.794118342651392695e-01
2.955544298274910275e+00
1.152213123966582486e+00
3.093684984818970030e+00
